{"data":[[0,0,0,0,0,0,0,0,0,0,0,63752,63752,0,0,0,0,0,0,63752,63752,0,0,0,0,63752,63752,63752,63752,63752,63752,0,0,63752,63752,63752,63752,63752,63752,0,0,0,0,63752,63752,0,0,0,0,0,0,63752,63752,0,0,0,0,0,0,0,0,0,0,0],[0,0,0,0,0,0,0,0,0,0,0,63752,63752,0,0,0,0,0,2022,63752,63752,2022,0,0,0,63752,63752,63752,63752,63752,63752,0,0,63752,63752,63752,63752,63752,63752,0,0,0,2022,63752,63752,2022,0,0,0,0,0,63752,63752,0,0,0,0,0,0,0,0,0,0,0],[0,0,0,0,0,0,0,0,0,0,2022,63752,63752,2022,0,0,0,2022,18412,63752,63752,18412,2022,0,0,63752,63752,63752,63752,63752,63752,0,0,63752,63752,63752,63752,63752,63752,0,0,2022,18412,63752,63752,18412,2022,0,0,0,2022,63752,63752,2022,0,0,0,0,0,0,0,0,0,0],[0,0,2022,2022,2022,2022,0,0,0,2022,18412,63752,63752,18412,2022,0,2022,18412,34803,63752,63752,34803,18412,2022,2022,63752,63752,63752,63752,63752,63752,2022,2022,63752,63752,63752,63752,63752,63752,2022,2022,18412,34803,63752,63752,34803,18412,2022,0,2022,18412,63752,63752,18412,2022,0,0,0,2022,2022,2022,2022,0,0],[2022,2022,18412,18412,18412,18412,2022,2022,2022,18412,34803,63752,63752,34803,18412,2022,18412,34803,42998,63752,63752,42998,34803,18412,18412,63752,63752,63752,63752,63752,63752,18412,18412,63752,63752,63752,63752,63752,63752,18412,18412,34803,42998,63752,63752,42998,34803,18412,2022,18412,34803,63752,63752,34803,18412,2022,2022,2022,18412,18412,18412,18412,2022,2022],[18412,18412,34803,34803,34803,34803,18412,18412,18412,34803,42998,63752,63752,42998,34803,18412,34803,42998,0,63752,63752,0,42998,34803,34803,63752,63752,63752,63752,63752,63752,34803,34803,63752,63752,63752,63752,63752,63752,34803,34803,42998,0,63752,63752,0,42998,34803,18412,34803,42998,63752,63752,42998,34803,18412,18412,18412,34803,34803,34803,34803,18412,18412],[34803,34803,42998,42998,42998,42998,34803,34803,34803,42998,0,63752,63752,0,42998,34803,42998,0,0,63752,63752,0,0,42998,42998,63752,63752,63752,63752,63752,63752,42998,42998,63752,63752,63752,63752,63752,63752,42998,42998,0,0,63752,63752,0,0,42998,34803,42998,0,63752,63752,0,42998,34803,34803,34803,42998,42998,42998,42998,34803,34803],[42998,42998,0,0,0,0,42998,42998,42998,0,0,63752,63752,0,0,42998,0,0,0,63752,63752,0,0,0,0,63752,63752,63752,63752,63752,63752,0,0,63752,63752,63752,63752,63752,63752,0,0,0,0,63752,63752,0,0,0,42998,0,0,63752,63752,0,0,42998,42998,42998,0,0,0,0,42998,42998],[2022,0,0,0,0,0,0,2022,0,0,0,63752,63752,0,0,0,0,0,0,63752,63752,0,0,0,0,63752,63752,63752,63752,63752,63752,0,0,63752,63752,63752,63752,63752,63752,0,0,0,0,63752,63752,0,0,0,0,0,0,63752,63752,0,0,0,2022,0,0,0,0,0,0,2022]],"tick":125}