{"data":[[23275,16904,35953,23275,23275,35953,16904,23275,16904,35953,26624,26624,26624,26624,35953,16904,35953,26624,36864,45056,45056,36864,26624,35953,23275,26624,45056,64788,63488,45056,26624,23275,23275,26624,45056,63488,63488,45056,26624,23275,35953,26624,36864,45056,45056,36864,26624,35953,16904,35953,26624,26624,26624,26624,35953,16904,23275,16904,35953,23275,23275,35953,16904,23275],[23275,16904,35953,23275,23275,35953,16904,23275,16904,35953,26624,26624,26624,26624,35953,16904,35953,26624,36864,45056,45056,36864,26624,35953,23275,26624,45056,64788,63488,45056,26624,23275,23275,26624,45056,63488,63488,45056,26624,23275,35953,26624,36864,45056,45056,36864,26624,35953,16904,35953,26624,26624,26624,26624,35953,16904,23275,16904,35953,23275,23275,35953,16904,23275],[23275,16904,35953,23275,23275,35953,16904,23275,16904,35953,26624,26624,26624,26624,35953,16904,35953,26624,36864,45056,45056,36864,26624,35953,23275,26624,45056,64788,63488,45056,26624,23275,23275,26624,45056,63488,63488,45056,26624,23275,35953,26624,36864,45056,45056,36864,26624,35953,16904,35953,26624,26624,26624,26624,35953,16904,23275,16904,35953,23275,23275,35953,16904,23275],[23275,16904,35953,23275,23275,35953,16904,23275,16904,35953,6339,26624,26624,6339,35953,16904,35953,6339,36864,45056,45056,36864,6339,35953,23275,26624,45056,64788,63488,45056,26624,23275,23275,26624,45056,63488,63488,45056,26624,23275,35953,6339,36864,45056,45056,36864,6339,35953,16904,35953,6339,26624,26624,6339,35953,16904,23275,16904,35953,23275,23275,35953,16904,23275],[23275,16904,35953,23275,23275,35953,16904,23275,16904,35953,6339,6339,6339,6339,35953,16904,35953,6339,6339,36864,36864,6339,6339,35953,23275,6339,36864,63488,45056,36864,6339,23275,23275,6339,36864,45056,45056,36864,6339,23275,35953,6339,6339,36864,36864,6339,6339,35953,16904,35953,6339,6339,6339,6339,35953,16904,23275,16904,35953,23275,23275,35953,16904,23275],[23275,16904,35953,23275,23275,35953,16904,23275,16904,35953,6339,6339,6339,6339,35953,16904,35953,6339,6339,6339,6339,6339,6339,35953,23275,6339,6339,45056,26624,6339,6339,23275,23275,6339,6339,26624,26624,6339,6339,23275,35953,6339,6339,6339,6339,6339,6339,35953,16904,35953,6339,6339,6339,6339,35953,16904,23275,16904,35953,23275,23275,35953,16904,23275],[23275,16904,35953,23275,23275,35953,16904,23275,16904,35953,6339,6339,6339,6339,35953,16904,35953,6339,6339,6339,6339,6339,6339,35953,23275,6339,6339,26624,6339,6339,6339,23275,23275,6339,6339,6339,6339,6339,6339,23275,35953,6339,6339,6339,6339,6339,6339,35953,16904,35953,6339,6339,6339,6339,35953,16904,23275,16904,35953,23275,23275,35953,16904,23275],[23275,16904,35953,23275,23275,35953,16904,23275,16904,35953,6339,6339,6339,6339,35953,16904,35953,6339,6339,6339,6339,6339,6339,35953,23275,6339,6339,6339,6339,6339,6339,23275,23275,6339,6339,6339,6339,6339,6339,23275,35953,6339,6339,6339,6339,6339,6339,35953,16904,35953,6339,6339,6339,6339,35953,16904,23275,16904,35953,23275,23275,35953,16904,23275],[23275,16904,35953,23275,23275,35953,16904,23275,16904,35953,6339,6339,6339,6339,35953,16904,35953,6339,6339,6339,6339,6339,6339,35953,23275,6339,6339,26624,6339,6339,6339,23275,23275,6339,6339,6339,6339,6339,6339,23275,35953,6339,6339,6339,6339,6339,6339,35953,16904,35953,6339,6339,6339,6339,35953,16904,23275,16904,35953,23275,23275,35953,16904,23275],[23275,16904,35953,23275,23275,35953,16904,23275,16904,35953,6339,6339,6339,6339,35953,16904,35953,6339,6339,6339,6339,6339,6339,35953,23275,6339,6339,45056,26624,6339,6339,23275,23275,6339,6339,26624,26624,6339,6339,23275,35953,6339,6339,6339,6339,6339,6339,35953,16904,35953,6339,6339,6339,6339,35953,16904,23275,16904,35953,23275,23275,35953,16904,23275],[23275,16904,35953,23275,23275,35953,16904,23275,16904,35953,6339,6339,6339,6339,35953,16904,35953,6339,6339,36864,36864,6339,6339,35953,23275,6339,36864,63488,45056,36864,6339,23275,23275,6339,36864,45056,45056,36864,6339,23275,35953,6339,6339,36864,36864,6339,6339,35953,16904,35953,6339,6339,6339,6339,35953,16904,23275,16904,35953,23275,23275,35953,16904,23275],[23275,16904,35953,23275,23275,35953,16904,23275,16904,35953,26624,26624,26624,26624,35953,16904,35953,26624,36864,45056,45056,36864,26624,35953,23275,26624,45056,64788,63488,45056,26624,23275,23275,26624,45056,63488,63488,45056,26624,23275,35953,26624,36864,45056,45056,36864,26624,35953,16904,35953,26624,26624,26624,26624,35953,16904,23275,16904,35953,23275,23275,35953,16904,23275],[23275,16904,35953,23275,23275,35953,16904,23275,16904,35953,26624,26624,26624,26624,35953,16904,35953,26624,36864,45056,45056,36864,26624,35953,23275,26624,45056,64788,63488,45056,26624,23275,23275,26624,45056,63488,63488,45056,26624,23275,35953,26624,36864,45056,45056,36864,26624,35953,16904,35953,26624,26624,26624,26624,35953,16904,23275,16904,35953,23275,23275,35953,16904,23275],[23275,16904,35953,23275,23275,35953,16904,23275,16904,35953,26624,26624,26624,26624,35953,16904,35953,26624,64658,64658,45056,36864,26624,35953,23275,26624,64658,63097,64040,45056,26624,23275,23275,26624,45056,64040,64040,45056,26624,23275,35953,26624,36864,45056,45056,36864,26624,35953,16904,35953,26624,26624,26624,26624,35953,16904,23275,16904,35953,23275,23275,35953,16904,23275]],"tick":142}